   BOUNDARY NODES				
	999			
	998			
	997			
	996			
	995			
	994			
	993			
	991			
	990			
	989			
	988			
	987			
	986			
	985			
	984			
	983			
	982			
	981			
	980			
	979			
	978			
	977			
	976			
	975			
	974			
	973			
	972			
	969			
	968			
	967			
	965			
	964			
	963			
	962			
	961			
	960			
	959			
	958			
	957			
	956			
	955			
	954			
	914			
	915			
	916			
	917			
	36			
	37			
	185			
	236			
	240			
	247			
	295			
	300			
	612			
	690			
	691			
	733			
	833			
	836			
	841			
	850			
	852			
	883			
	912		